              precision    recall  f1-score   support

         ALG     0.8400    0.2877    0.4286        73
         BOO     0.6951    0.8261    0.7550        69
         COF     0.5556    0.4412    0.4918        34
         CON     0.7609    0.7234    0.7416       629
         COU     0.8621    0.8850    0.8734       113
         CRN     0.7797    0.5786    0.6643       159
         DAT     0.8059    0.9514    0.8726       144
         FRM     0.4706    0.1702    0.2500        47
         JOU     0.5758    0.9048    0.7037        21
         LOC     0.6500    0.7500    0.6964        52
         ORG     0.7289    0.7622    0.7452       328
         PER     0.7819    0.8644    0.8211       929
         PLO     0.7667    0.6216    0.6866        37
         TER     0.7037    0.4301    0.5339      1281
         THE     0.8333    0.7377    0.7826        61
         TOO     0.5913    0.5191    0.5529       549

   micro avg     0.7314    0.6407    0.6831      4526
   macro avg     0.7126    0.6533    0.6625      4526
weighted avg     0.7253    0.6407    0.6688      4526
